,wind,temp,pressure,humidity,clouds,lat,lon,precipitation,sunshine_hours
0,3.74,289.4,1015.48,67.62,50.69,35.408894279015946,-92.48909080115082,0.11,72.55
1,4.33,298.47,1017.45,73.1,43.32,25.039542315457677,-74.57901769205714,0.04,22.55
2,3.02,295.87,1011.07,23.38,19.57,32.6839860434849,-112.71548562498008,0.01,154.55
3,4.02,298.75,1014.81,80.57,36.73,24.888152969925592,-69.88327858762673,0.04,28.36
4,5.47,290.4,1014.06,59.72,26.33,34.74857034204691,-98.39139237680595,0.06,203.0
5,4.22,282.15,1012.95,64.15,52.05,40.00959125554978,-67.85988756655962,0.13,70.36
6,3.44,288.8,1015.02,72.15,27.34,33.43892879678039,-121.6582470161924,0.01,172.91
7,5.36,297.06,1012.72,75.65,53.51,26.32909991543429,-95.0016841811214,0.05,81.91
8,3.18,295.43,1009.67,47.52,21.06,26.941821814978493,-115.89724233271764,0.01,203.18
9,3.13,295.79,1010.9,23.89,12.08,34.83151953803906,-112.0583161602452,0.02,224.73
10,4.28,293.92,1015.93,72.23,42.63,27.859755632727197,-90.73980933319436,0.14,122.73
11,3.78,283.29,1015.41,52.81,29.59,42.92978112027913,-114.08041755069289,0.04,177.64
12,3.03,283.09,1017.93,70.46,54.78,47.54928972650372,-121.7898014728635,0.12,68.36
13,3.56,277.69,1013.65,69.66,59.14,45.60482881670392,-71.48712459344543,0.06,94.18
14,4.61,286.82,1012.53,30.63,35.1,36.56205287449234,-109.01938576270382,0.03,87.09
15,3.78,298.92,1018.2,76.82,26.34,25.57229304656935,-86.60221704238131,0.04,169.09
16,4.38,280.71,1014.79,65.47,48.27,43.38450253780976,-83.8914323772895,0.1,138.55
17,4.31,275.79,1013.52,68.35,62.32,48.54892403299036,-81.75015824492715,0.06,38.18
18,2.81,297.25,997.66,27.2,34.65,25.187637368110728,-104.16271259946446,0.01,119.64
19,4.09,281.2,1014.45,52.14,27.91,42.16043138812336,-103.35749531020863,0.05,196.55
20,4.77,284.88,1014.78,65.48,38.23,39.80421995307659,-88.41361416554581,0.1,168.55
21,6.15,295.62,1013.33,77.01,59.39,28.190008610816843,-97.30936171086714,0.06,48.82
22,3.68,281.48,1015.45,59.08,41.04,47.67771666264844,-115.28413864926168,0.06,115.18
23,4.47,283.19,1008.76,44.66,25.75,37.99353245101243,-102.9001029134716,0.04,216.55
24,3.79,281.92,1015.03,62.59,51.71,42.07967137093033,-72.55218770990237,0.12,98.18
25,4.44,288.59,1016.5,65.4,44.77,35.70548288345588,-74.37624650669736,0.12,107.64
26,2.37,288.06,1003.0,65.54,24.43,25.484410727676124,-121.19260797155222,0.02,168.36
27,4.71,280.24,1003.53,56.87,56.72,43.64199019850092,-106.78424794700793,0.05,23.45
30,2.75,283.3,1017.85,75.73,57.08,41.96198832988993,-122.46295041191904,0.09,45.27
32,4.34,293.12,1012.47,23.9,10.15,35.385831027525576,-113.51177417820722,0.01,257.91
33,4.39,286.23,1014.34,61.22,37.84,38.91143922727204,-92.52497711767172,0.09,169.0
34,3.45,296.57,1011.2,27.08,14.72,31.908190986000328,-113.98205951000293,0.0,192.18
35,3.82,280.68,1015.09,66.52,63.81,43.71745215165535,-74.82343776097919,0.12,43.0
36,5.5,280.18,1012.24,64.68,48.72,45.03130752297173,-101.10109784505678,0.05,84.18
37,3.9,296.14,1011.42,27.65,14.9,33.71937722056418,-114.67693399602314,0.01,203.36
38,5.38,284.0,1013.49,59.33,37.01,40.07138509011878,-99.32670853066377,0.09,175.18
39,2.75,293.24,1016.88,70.86,43.78,30.002072373349023,-83.92898783173521,0.07,95.73
40,3.91,277.17,1012.15,73.24,56.98,46.3165595483883,-72.35229615231886,0.1,90.55
41,2.99,290.94,1016.98,62.61,28.07,33.127756076353926,-81.98957661983293,0.09,210.09
42,5.06,292.73,1007.26,22.43,25.0,33.22737150969188,-107.17768182856008,0.01,117.91
44,5.42,277.64,1012.99,67.47,41.02,47.12819448636059,-97.47691042801053,0.04,161.27
46,3.83,278.76,1014.5,64.72,60.7,46.817045097536166,-77.79762376984999,0.08,41.09
47,6.02,288.54,1011.59,47.44,36.44,34.24921811818676,-101.5713462496628,0.12,100.64
48,3.65,290.77,1016.79,68.09,28.8,32.36096007870243,-74.67545134495936,0.09,216.36
49,4.64,279.78,1014.03,63.4,48.16,47.50801893386914,-90.56072349384996,0.1,125.91
50,4.79,281.89,1015.71,67.14,51.03,42.15699160386903,-67.55853019515425,0.12,100.36
52,3.56,276.28,1013.83,70.03,63.52,47.48822286962205,-70.913914372801,0.09,43.27
54,2.89,291.41,1016.41,69.68,33.31,32.21928095955023,-86.00958589938455,0.16,169.82
56,5.38,297.02,1013.06,76.18,54.43,25.31701354466012,-94.4768891199192,0.05,79.09
57,4.59,279.04,1014.34,67.77,48.64,44.39522814326163,-87.57372312653905,0.09,129.45
58,3.68,291.81,1017.14,72.03,30.97,32.67025960354917,-78.5430201347732,0.09,192.91
60,3.34,294.82,1011.67,51.79,26.55,24.542795254344146,-109.24099404419132,0.0,155.55
63,6.51,287.21,1010.9,46.65,20.51,37.545789597406895,-100.79461298112456,0.03,227.73
65,4.74,281.91,1015.64,67.27,51.76,42.60721121113357,-70.04938490870859,0.12,96.45
67,3.41,286.2,1017.72,71.85,34.15,34.4482096997074,-122.72111630340056,0.05,163.45
70,3.71,290.5,1003.62,26.3,7.74,31.07459212729296,-112.80347176510166,0.0,275.55
71,3.83,286.89,1015.72,65.05,37.39,39.00163311123441,-87.27764625712423,0.16,168.55
72,2.47,289.73,1016.98,61.21,31.54,33.43254106698777,-83.55717130200262,0.13,192.27
76,3.81,288.99,1011.97,38.83,17.91,34.945840910584295,-117.53544667924872,0.01,176.18
80,4.13,289.27,1015.76,65.84,47.14,35.50477790198237,-89.1218793120255,0.13,79.27
83,3.41,293.37,1015.47,74.75,43.01,26.333296219384803,-91.9695704170516,0.13,135.82
84,2.55,295.99,1010.07,41.53,23.85,27.78903468206236,-108.87255020593072,0.01,181.73
85,3.21,290.4,1015.71,53.35,27.33,36.43861254881553,-120.15076407351464,0.03,136.82
87,3.38,281.56,1013.0,49.4,45.41,39.231155431865176,-106.41678466561186,0.06,84.73
88,3.46,289.78,1014.73,68.34,32.58,33.7385807125164,-118.47690660111826,0.04,130.55
91,3.58,282.58,1015.3,65.36,45.9,38.67666548283107,-70.66843740937608,0.13,136.91
92,4.38,293.01,1012.0,23.3,10.73,37.37356923794188,-112.6817219477252,0.01,242.55
93,5.65,288.94,1010.48,44.24,11.31,35.03315111732812,-118.52817085671816,0.02,244.09
97,2.52,296.18,990.79,48.27,35.18,27.553990514735823,-102.40637207815706,0.03,126.36
98,3.94,282.11,1016.36,47.39,30.27,41.69896865926012,-120.6039075585089,0.03,126.82
99,5.64,275.46,1011.99,65.61,58.24,46.764670777836805,-102.99300953171814,0.02,35.91
105,3.52,291.41,1014.33,70.51,37.94,33.67981386726022,-93.65367464712008,0.11,147.36
106,4.4,280.77,1014.03,65.05,51.94,43.71425197653479,-89.23426489633816,0.1,91.27
107,2.68,283.68,1018.39,70.17,53.96,45.26532114853849,-119.05248396894028,0.13,89.82
109,4.31,293.0,1009.43,22.81,9.57,38.03234707984468,-116.63524600444444,0.01,259.55
110,2.98,290.25,1017.11,66.18,42.72,33.63003457122664,-87.10451040636082,0.14,101.82
112,3.73,282.38,1013.91,52.38,46.01,41.94803852530247,-108.78875609792374,0.07,64.91
113,4.21,274.71,1012.17,71.27,67.54,47.84571384220132,-67.84670772565275,0.05,24.64
121,4.23,279.28,1015.07,69.68,60.0,44.04686173566472,-74.823916995214,0.09,49.82
123,3.5,292.58,1016.62,75.69,38.59,30.77741372235118,-88.53892387096994,0.18,141.45
126,4.31,279.73,1012.15,71.09,63.71,42.51870722363397,-81.37296304648869,0.08,30.0
127,3.92,294.18,1017.03,70.83,44.08,29.55353674269161,-81.28510875852359,0.07,82.64
134,3.4,295.7,1010.93,61.97,50.85,25.45432161041991,-99.8709979839315,0.03,79.55
135,3.16,289.13,1015.51,50.1,16.25,35.45227898443741,-119.4440196623909,0.03,222.45
136,3.34,282.31,1014.8,52.82,38.14,38.87813721936004,-108.59392086010598,0.05,100.27
137,4.44,278.98,1014.95,63.11,63.02,44.14319425420828,-73.04649648638818,0.09,37.82
140,3.27,282.95,1017.76,72.83,54.62,48.4310984109938,-122.2457564974667,0.11,79.27
143,4.38,292.82,1010.08,23.76,20.53,36.01123938794304,-116.6169614405194,0.01,174.91
144,3.72,289.11,1015.38,65.64,37.51,36.45902552695133,-88.63053366516337,0.08,160.36
146,3.87,297.23,1016.14,71.98,26.89,25.697063417989224,-85.02214940057968,0.05,174.45
147,4.66,301.82,1012.84,60.6,38.1,25.03212123406015,-88.08297414085894,0.01,68.55
148,3.01,289.09,1015.53,67.66,49.15,31.82428927627009,-118.66231312991668,0.05,56.45
151,4.76,292.25,1013.76,66.81,39.94,31.44300342307445,-98.43607092430358,0.08,134.82
154,3.59,283.9,1015.36,61.77,49.84,39.32027059565477,-80.97936823852169,0.12,127.73
156,4.41,293.88,1015.86,72.03,44.28,30.851480481976367,-90.12079675884212,0.18,118.64
157,2.96,283.63,1018.47,71.1,50.81,44.99272641716266,-124.80250438064289,0.12,90.0
158,5.64,283.77,1013.62,61.23,48.96,41.56278832723646,-96.4015326662122,0.09,96.55
161,6.15,286.55,1013.04,58.59,42.02,38.691920984899305,-100.1203256910218,0.08,110.91
164,4.25,298.25,1016.53,70.07,47.32,24.751606760651683,-81.00012808972568,0.1,30.55
165,4.59,296.27,1016.59,72.6,30.72,29.24787664214309,-78.16829928569595,0.06,145.27
166,3.24,289.29,1016.67,61.42,43.31,35.035408853275015,-81.71888553592636,0.16,106.18
167,4.4,295.58,1007.38,59.63,39.68,28.77111832203324,-99.67646994823662,0.04,108.45
169,3.25,291.23,1016.15,70.93,35.15,33.00770010570902,-90.65405079259467,0.12,164.64
170,4.14,296.31,1016.23,71.86,31.04,26.7466333613937,-83.79951115414505,0.06,188.09
171,4.73,279.74,1013.96,63.56,53.25,45.05654860322837,-94.47195437714508,0.1,74.0
172,4.32,298.02,1016.2,69.85,33.43,26.617398285009635,-80.36185726479063,0.09,83.18
173,4.19,283.96,1014.37,64.35,40.55,40.20840827880272,-88.55022157028714,0.11,160.91
176,4.03,285.04,1015.99,59.76,50.56,40.14191489776989,-74.98101864774677,0.13,92.36
177,3.63,288.06,1016.44,61.45,46.67,38.10520875028096,-79.7688284038955,0.13,97.36
178,4.1,289.31,1015.91,66.55,47.61,34.65724414129567,-88.58735458804745,0.13,76.36
180,4.37,284.12,1015.78,64.4,55.43,39.6758052364082,-82.81966034983934,0.13,72.91
182,4.15,293.91,1013.81,66.17,45.27,30.10337227881463,-99.64572192883,0.09,121.36
183,4.06,281.7,1013.99,50.02,46.39,40.73664509225652,-100.88605629240186,0.06,57.64
185,4.04,282.79,1014.78,54.65,38.84,40.44620945543282,-113.18553411605296,0.08,125.73
189,4.66,280.21,1014.54,48.88,40.4,38.19346427535992,-107.04948237902424,0.04,114.73
197,2.75,291.25,1016.72,68.92,31.64,32.55490891412565,-85.20217684089548,0.12,180.82
200,3.4,283.74,1015.44,61.88,41.72,40.33371502500852,-76.79055527683911,0.12,164.91
201,4.95,275.4,1015.9,66.2,60.51,49.02016098087745,-96.20248471218338,0.03,36.36
203,3.82,295.96,1016.65,68.67,33.56,28.978246060980037,-80.80277004662574,0.08,138.09
206,4.42,282.18,1014.71,65.88,45.76,41.048068913079135,-86.89932528418798,0.11,146.91
220,3.01,288.07,1016.56,64.83,44.1,36.94319901393133,-82.59310724239333,0.12,124.18
224,3.76,292.85,992.07,24.93,32.56,28.377234302757152,-107.48477204781015,0.01,141.0
227,3.52,288.47,1015.13,61.99,44.84,36.183988231001074,-86.9679087427412,0.13,113.36
228,4.39,293.87,1015.96,71.37,47.51,26.11403773470198,-91.75716085887989,0.14,93.09
229,4.66,288.61,1016.59,64.5,32.57,35.666246805901054,-76.52333491484569,0.13,197.0
237,4.21,281.04,1014.61,66.11,49.38,42.02407631112233,-79.06949608826552,0.1,150.91
239,3.4,293.14,1015.42,71.89,40.18,29.96214611861653,-91.11875733396631,0.12,146.36
241,3.59,276.23,1014.03,70.03,63.63,45.69339528743286,-68.23801430240634,0.09,42.45
242,2.67,297.57,1011.63,29.05,19.88,29.66940506648801,-108.62000262130154,0.01,207.82
247,3.65,288.4,1016.8,61.68,43.18,37.35555664386241,-79.41375745406765,0.12,116.18
252,2.61,283.74,1018.34,70.05,56.42,45.95897371605513,-123.36131594098106,0.14,65.36
262,3.95,280.64,1015.15,65.88,61.18,42.91453268274349,-76.94847534910977,0.1,47.64
267,5.07,284.07,1015.58,60.42,56.35,38.51280802568712,-72.22073808655986,0.12,48.36
271,3.62,286.94,1015.4,61.27,44.91,38.17010317309065,-85.10490760002648,0.15,124.27
272,4.21,282.35,1013.99,67.39,49.98,41.03110106019892,-85.89900471536268,0.12,110.55
278,3.94,286.53,1015.89,59.18,51.7,38.78506468466507,-77.92534798470265,0.14,81.18
279,4.75,286.54,1013.09,64.68,37.79,37.435070942698445,-93.26966469980036,0.08,165.45
284,4.98,292.82,1003.56,23.28,25.5,31.093924632195467,-105.57256788075576,0.01,141.82
290,4.0,296.19,1016.41,70.78,33.02,26.980597822403457,-85.18590089854152,0.06,172.27
295,4.62,294.17,1014.46,72.21,55.06,29.324525234365936,-95.02123851889974,0.11,65.55
303,5.38,282.19,1013.07,66.28,40.62,42.5336458613976,-91.6072038173372,0.12,160.45
316,3.47,293.9,1012.96,22.45,7.84,32.68600683183694,-111.11474542778876,0.02,264.0
323,5.47,291.94,1013.91,42.83,17.94,31.805655003734817,-104.0106477218484,0.03,233.27
328,4.46,280.49,1014.35,66.55,60.37,42.917630553337005,-78.53727003609777,0.1,43.27
329,5.21,291.57,1014.06,64.56,37.56,32.28094165259427,-97.66481636803498,0.1,146.64
330,4.76,291.35,1014.36,64.3,40.15,33.960276177425875,-96.46614978849308,0.13,133.82
333,4.19,299.44,1013.93,78.08,39.7,24.954913874939184,-87.64107956641493,0.01,34.36
350,3.37,288.39,1015.99,60.36,17.55,40.214196721485365,-122.33965364492208,0.05,218.73
351,4.72,288.59,1013.85,63.05,48.9,34.74415191463852,-95.0203326788272,0.09,89.55
356,4.02,293.45,1015.45,75.61,48.97,30.391849788115728,-93.41522078724272,0.1,121.64
359,3.79,286.22,1015.11,64.73,40.49,38.16869414076034,-83.229468322352,0.12,160.09
371,3.79,286.25,1015.2,64.3,40.23,37.387298563602585,-84.76678619333727,0.12,160.09
374,4.31,279.8,1012.18,70.83,63.55,43.31651639747157,-81.38928126895698,0.08,30.09
380,4.71,285.9,1013.89,61.04,37.18,39.035455962284765,-96.19776553442816,0.08,169.36
383,4.22,282.12,1015.07,66.59,46.07,41.53502441779352,-83.46309139738872,0.11,145.09
413,3.31,288.29,1015.81,65.6,40.17,36.257335765941015,-85.38593532926654,0.12,168.55
415,3.52,289.28,1015.89,55.55,14.79,37.87642334236139,-119.8902883445982,0.03,230.0
418,5.27,279.83,1013.61,67.7,47.94,44.59703881416519,-90.32357509614832,0.11,136.55
425,3.09,295.51,1011.53,23.51,12.78,33.93044495885809,-110.2446018328546,0.02,225.18
427,4.01,286.52,1015.1,64.27,39.33,38.66351602883702,-90.48061079152572,0.12,155.73
444,3.66,294.17,963.65,26.01,27.45,29.06384269961312,-104.65824175167552,0.01,190.64
453,3.25,289.53,1015.16,53.43,24.53,34.87156450244467,-118.70996310481269,0.02,195.0
469,4.42,294.07,1014.29,72.21,54.34,29.825333235441505,-95.54057191310184,0.12,84.73
471,4.18,283.89,1014.42,64.36,40.58,41.062642310234665,-90.66346615972328,0.11,161.09
472,3.16,288.25,1016.92,61.09,33.71,36.78664135650272,-80.1095882964899,0.13,203.09
478,4.85,291.97,1014.23,69.12,39.65,31.91837865710025,-97.7031748487246,0.08,150.27
481,3.13,289.24,1016.63,64.52,44.5,35.96890209408077,-77.83682765958591,0.12,107.09
483,2.71,290.07,1014.71,58.01,14.87,36.850866720703934,-117.53211282663015,0.03,223.55
488,3.25,281.32,1009.2,52.9,36.16,47.538386482177366,-120.58813027993082,0.03,151.55
490,4.57,285.87,1014.14,61.09,38.56,39.56553201538169,-93.5939171417009,0.1,158.91
495,3.75,298.31,1015.91,73.34,32.08,24.70286524418153,-82.93634746284788,0.01,47.64
496,3.76,292.49,1016.8,72.18,29.81,32.0170388129052,-82.74852871028395,0.08,171.0
497,2.99,282.99,1017.78,74.04,52.02,46.56023695766498,-124.14374236371212,0.12,76.64
516,3.26,289.74,1016.91,63.52,35.73,33.43373978970762,-83.83207892606782,0.14,165.64
518,3.4,282.59,1016.86,76.85,54.97,48.88387723689513,-123.29979186854126,0.14,63.36
525,5.14,297.46,1012.1,69.07,51.26,26.32479652610942,-98.2219919936665,0.04,100.36
526,2.88,286.75,1017.78,73.33,31.24,38.45275408395589,-124.46083103074665,0.06,139.73
535,4.6,284.57,1015.24,66.78,53.92,39.96096869268091,-86.01393281001778,0.12,72.09
549,3.77,290.44,1016.65,61.92,30.25,35.248273883296044,-78.92844082250556,0.1,205.64
554,4.04,278.09,1012.1,68.93,55.07,45.1560852020697,-79.08214810610548,0.08,92.82
558,4.76,279.03,1014.4,71.48,56.53,43.85302593486013,-81.14097889629483,0.09,99.27
565,3.76,276.87,1008.2,58.18,60.36,49.31923003267795,-113.33839196790036,0.04,28.64
567,3.44,295.53,1013.41,57.0,30.19,26.687326384117892,-108.24251133109703,0.01,156.36
570,4.66,295.34,1012.72,55.61,31.9,29.63906123161688,-99.83717331900618,0.04,164.82
579,3.02,297.51,1001.28,27.58,34.43,24.546890943504348,-102.50646773393552,0.0,120.0
584,2.42,281.36,1011.07,60.29,50.19,48.7146467710357,-119.90055888661244,0.04,106.73
598,4.66,285.79,1014.02,62.42,38.26,37.74556295837172,-94.66184878744544,0.11,159.64
600,3.81,286.18,1015.7,61.73,50.93,38.6150717530992,-75.45778383102567,0.16,79.36
642,2.67,288.68,1016.71,64.85,46.29,34.326311794670715,-85.5963975006187,0.14,76.27
658,4.44,285.88,1013.96,59.31,39.38,40.06730482522685,-95.09129112290609,0.1,157.09
665,5.91,291.28,1013.86,54.84,25.84,32.099842408353936,-99.5940981269638,0.09,202.36
673,4.43,298.23,1016.49,69.68,33.93,25.829926257911083,-80.65419429428249,0.11,95.55
704,4.09,286.7,1016.13,59.17,52.08,38.05025719335913,-76.36024950630303,0.15,76.0
729,3.32,285.37,1013.38,64.3,45.44,38.7218706640634,-84.21603153228035,0.15,140.0
759,3.29,289.0,1016.07,66.88,40.74,34.36013922251722,-86.86990063438395,0.14,135.36
761,3.28,289.3,1015.47,70.55,45.18,32.6430039725253,-116.99248808281672,0.04,87.0
769,3.08,291.94,992.49,51.8,35.32,24.655137308050342,-101.85068379260152,0.02,132.0
775,3.94,292.15,944.27,25.87,30.62,27.29418482335749,-106.87725484314632,0.01,177.82
782,3.83,291.19,990.01,30.93,35.58,25.26886004604096,-105.00702140475542,0.0,126.82
785,3.2,295.31,1012.86,60.91,47.2,25.472172922350435,-100.45795853888173,0.05,93.09
795,3.04,294.18,1017.34,70.58,32.41,29.38707059292239,-82.76051831934917,0.07,160.0
804,4.47,280.76,1014.14,65.2,55.46,44.57492052668524,-85.71608122872561,0.1,77.27
816,4.04,278.75,1014.96,64.1,60.35,44.717102964915874,-75.11307860101995,0.07,36.82
831,3.37,281.08,1013.36,60.64,56.04,43.067977536060056,-72.58334501226585,0.11,72.45
845,5.17,283.11,1013.94,62.26,50.61,40.98613097579236,-92.86925819036816,0.1,86.27
855,3.22,282.31,1016.77,75.62,55.24,48.27545023941515,-123.61389568687206,0.09,58.36
911,4.25,292.73,1012.01,23.49,21.73,36.69116019029151,-116.17614637169083,0.01,166.73
922,4.59,280.41,1014.63,70.55,50.46,41.991110980078425,-82.1691216284401,0.1,102.82
961,2.85,295.51,1011.77,23.73,8.32,34.54651499333082,-110.75807575148204,0.01,262.0
973,2.19,296.65,1011.76,60.27,34.0,25.447859631706823,-106.95250543213608,0.0,130.91
980,2.52,289.84,1014.68,65.59,38.33,33.507715257720776,-117.70608311599224,0.03,87.09
987,3.57,293.01,1014.76,67.15,45.59,29.79312867873214,-97.66976959919926,0.11,129.18
1005,4.32,279.8,1012.16,70.85,63.46,43.13123578860017,-81.02385340856696,0.08,30.09
1027,4.01,281.2,1015.62,63.57,46.99,42.642675957129605,-83.5349365299243,0.12,140.18
1057,4.8,286.55,1017.17,74.25,42.95,37.49882486809365,-124.97424229361503,0.07,73.18
1078,4.36,281.31,1015.22,67.46,49.82,42.24455127285529,-82.70693066914876,0.12,118.73
1094,4.78,281.7,1014.52,64.78,54.22,42.41507963173287,-90.10490655457453,0.08,77.45
1137,4.32,279.73,1012.17,70.84,63.24,43.008236763126654,-81.89279950554683,0.08,31.45
1158,4.32,279.74,1012.16,70.79,63.22,43.25433542064364,-81.02348429365014,0.08,31.55
1180,2.42,289.33,1014.71,50.71,29.04,34.25928424436828,-116.35254339087572,0.02,146.27
1182,4.56,282.05,1014.7,64.6,57.2,41.56009226631982,-87.14865986062748,0.11,56.73
1208,4.83,279.01,1013.41,69.77,56.61,44.12540064090011,-80.69033942271196,0.09,100.45
1212,4.32,279.72,1012.1,70.75,63.14,42.947317811074825,-81.06802407466297,0.08,32.09
1219,4.2,282.74,1014.79,62.61,50.61,40.84887204684424,-81.44565244043078,0.13,120.09
1222,4.53,279.39,1014.59,71.64,62.24,42.72398739506171,-79.80141913125594,0.11,32.73
1263,3.62,289.04,1016.06,59.42,16.38,37.84904566045569,-121.32008699402924,0.04,223.64
1270,3.43,295.99,1010.67,62.16,51.24,25.61182471767865,-99.72912806650125,0.03,78.09
1294,3.63,288.4,1016.66,61.15,42.1,35.19681645988415,-79.86384961637698,0.12,104.91
1313,4.82,282.43,1015.05,66.35,51.84,41.98908990741772,-81.53653988657561,0.11,115.27
1342,4.57,291.55,1013.22,64.47,45.68,32.88519937275199,-95.70306316045644,0.12,110.0
1379,3.79,296.54,1016.59,70.49,34.89,27.69606231419677,-79.15710115387637,0.08,104.55
1384,3.41,287.31,1016.96,73.36,28.64,38.30212877931822,-122.42151261435258,0.07,166.45
1385,3.16,287.04,1016.59,69.56,32.41,38.012357618493446,-122.80675162336787,0.07,139.55
1413,3.24,289.35,1016.13,69.3,42.52,32.53502199136669,-116.50517587171626,0.04,110.0
1419,5.6,288.53,1013.88,64.62,35.19,34.64002368512657,-96.03036918604104,0.1,173.73
1445,3.03,289.94,1014.77,66.45,29.61,33.71129457128029,-118.11243933574184,0.03,165.27
1453,3.88,281.75,1015.16,62.69,45.63,42.57716773804347,-71.23250843713535,0.11,143.91
1455,3.93,282.69,1014.86,54.92,38.24,40.58122553914363,-111.68213988226306,0.08,128.36
1493,3.53,282.36,1015.08,61.76,46.62,41.4619009782888,-72.37046613113567,0.13,143.82
1516,4.68,298.1,1016.43,70.55,42.81,26.286048656376668,-78.71731354390211,0.1,40.27
1528,5.09,277.7,1014.18,78.47,64.59,43.76978681858864,-67.32466282863922,0.08,38.64
1556,4.12,282.74,1015.01,65.05,44.27,39.67818985797264,-71.87969492004551,0.13,159.27
1562,5.0,291.36,1013.62,65.21,37.1,33.5882056871484,-96.99637555615854,0.1,156.18
1593,2.72,288.72,1016.7,65.0,46.2,35.72022514528494,-85.32012461027755,0.13,76.36
1624,4.32,279.67,1012.13,70.68,63.08,42.85081128834722,-80.53995543827554,0.08,32.18
1687,4.31,279.67,1012.17,70.66,63.0,43.17025927628312,-81.41997089515898,0.08,32.55
1710,6.12,288.49,1013.9,62.24,43.21,35.28662982406743,-98.49465361735083,0.1,106.09
1748,5.07,277.69,1014.18,78.44,65.14,44.30355034828543,-67.39523869087236,0.07,36.27
1779,5.12,282.16,1014.15,65.45,43.04,41.55301569638034,-88.65013415196802,0.11,139.0
1818,3.29,295.33,1011.81,24.2,15.43,31.951776081871344,-112.9353355954812,0.01,215.64
1871,4.48,279.2,1014.49,68.67,55.07,43.78440766035982,-78.80895863575324,0.12,112.18
1908,4.94,297.43,1012.67,69.16,54.85,25.859344513373696,-98.78393392514164,0.04,75.18
1956,3.51,282.6,1016.89,76.68,55.73,49.04408489248552,-123.79099494510452,0.14,60.18
1981,3.23,288.97,1017.14,63.32,44.69,36.843859101430105,-78.68551581428554,0.13,106.45
2049,2.55,289.4,1014.51,55.99,23.95,34.08969759318066,-116.41149680256802,0.02,173.73
2122,2.88,290.01,1014.73,67.69,37.09,33.13669872355845,-118.55582297297002,0.02,89.91
2153,3.28,282.55,1018.0,76.52,55.39,49.29366954837299,-123.17482876614362,0.15,63.36
2249,3.51,284.01,1015.63,58.37,43.69,41.31140538113535,-74.44515618632582,0.13,154.09
2251,4.32,288.18,1017.0,66.66,19.84,38.44474137004487,-122.05573242107413,0.05,198.45
2341,3.23,295.32,1009.1,24.55,15.0,33.8279581049966,-109.63518112487014,0.01,213.91
2342,2.71,282.44,1017.15,74.29,60.51,49.25445611092604,-122.19419817355076,0.16,52.36
2343,4.49,279.03,1014.65,63.1,62.83,46.51467138435417,-74.71570491913306,0.09,36.55
2383,2.96,297.47,997.44,27.59,34.42,25.45703826338612,-103.38337105175869,0.0,120.82
2395,2.42,289.13,1017.88,62.87,27.15,34.60195569279316,-119.0112537507883,0.03,175.36
2463,3.59,297.87,1006.21,61.72,46.99,24.608368924661853,-99.56050463710426,0.05,70.55
2489,4.91,288.31,1016.67,68.14,34.98,38.07385810172397,-75.45872965036673,0.1,163.82
2554,3.65,283.08,1015.16,63.06,45.33,41.630569828157725,-73.86610107689943,0.13,130.91
2557,3.67,281.66,1012.22,49.44,42.06,40.075464818369305,-107.50750203298924,0.06,78.91
2564,3.58,284.33,1015.79,59.22,45.75,39.32652016385837,-73.58579764883697,0.12,140.55
2625,4.58,298.85,1017.67,79.64,29.97,24.79931179224679,-71.7277625153878,0.06,156.27
2756,3.06,296.17,1016.87,71.26,33.74,27.418435171246504,-81.9378677122547,0.07,158.64
2760,4.36,284.62,1015.47,65.11,47.26,40.44114686283804,-83.86662608832043,0.14,121.64
2806,2.51,289.01,1014.85,62.76,27.7,33.55158364081602,-116.04581064843036,0.03,179.64
2904,2.9,289.28,1015.05,73.02,39.1,32.993420639894865,-117.54176025203654,0.03,155.91
2906,4.99,297.36,1012.48,61.04,40.03,28.19453709289924,-99.2320164228336,0.03,135.27
2917,3.38,288.82,1015.92,60.53,16.78,38.57860174237655,-121.62144476362116,0.05,222.91
2966,4.72,280.17,1014.49,65.21,56.06,43.66608719206401,-88.24371271577022,0.13,62.27
2970,4.83,297.34,1012.6,61.18,43.68,27.08255438924722,-99.83880101401196,0.03,104.0
3017,4.81,288.32,1016.73,66.57,36.71,36.70614387005823,-76.97116087928569,0.1,154.45
3020,3.39,288.81,1015.05,72.27,29.58,34.15450037426275,-119.07940508568322,0.01,151.82
3248,4.12,298.28,1015.52,72.21,31.04,24.470026293236288,-81.71433538238588,0.02,75.27
3272,4.59,281.92,1015.13,65.62,46.43,42.4829149858848,-87.94716795711564,0.12,132.09
3274,2.48,289.15,1014.36,61.05,26.35,33.620283953052336,-117.2010489677798,0.03,182.55
3364,4.17,281.65,1014.65,62.82,47.65,42.285405402113554,-71.92892781013316,0.12,146.09
3500,3.65,282.43,1015.51,62.63,47.9,41.68666323664405,-73.41272748855835,0.12,120.55
3558,3.42,287.22,1017.36,66.76,36.25,37.069512551987614,-121.71658319159404,0.07,94.36
3605,4.81,291.68,1014.39,63.3,37.14,32.39926614858051,-96.94157018173216,0.1,157.64
3636,3.35,295.71,1011.79,60.6,48.92,26.778475946629158,-100.27743024522654,0.03,88.27
3665,3.54,296.21,1016.77,70.7,50.34,28.517806525309,-82.57631663899289,0.07,91.0
3679,4.33,279.69,1012.15,70.7,62.98,43.26510263887643,-81.85434075569358,0.08,32.55
3857,3.66,281.64,1012.59,49.53,39.84,40.039115294995575,-105.21746884110674,0.06,96.0
4049,3.16,288.77,1016.1,61.34,17.49,38.45471704415633,-121.03993376972792,0.05,219.45
4164,3.27,287.2,1017.37,66.74,36.3,37.38493494234079,-121.92036937482712,0.07,93.09
4442,4.24,282.64,1014.23,66.44,42.67,41.28582562798329,-88.2674728317178,0.13,161.0
4524,4.13,279.23,1014.62,67.52,60.69,43.81922250884716,-79.30012689447743,0.11,55.45
4563,2.8,289.68,1014.88,56.78,25.99,34.11310993803414,-118.55734168009812,0.03,185.0
4570,5.01,288.9,1015.15,43.3,12.36,34.45248108212001,-118.1222629963334,0.02,235.0
4648,2.68,282.51,1016.29,75.41,57.6,48.73659489607807,-122.67816438400992,0.14,62.0
4759,3.31,287.22,1017.17,67.73,32.14,36.99390606582159,-122.74920690666568,0.05,133.27
4987,4.32,281.02,1014.67,65.05,48.17,42.85315601030406,-84.56190397194908,0.1,135.91
5014,4.47,279.48,1011.19,71.06,63.22,43.46340083236785,-79.89966647999634,0.1,36.55
5126,4.56,279.36,1011.61,64.63,61.29,43.99412690802262,-80.16277063960383,0.11,38.27
5276,4.33,279.67,1012.14,70.73,62.88,42.75577956091178,-80.6073381644014,0.08,33.55
5279,3.12,289.19,1016.5,64.5,44.52,35.972690784400214,-78.48657721944068,0.11,106.27
5291,3.1,283.12,1017.97,70.38,54.72,47.73742598505802,-123.2127040236751,0.12,67.91
5362,4.61,284.13,1015.85,59.03,49.81,39.831866362819326,-73.7994707821725,0.13,106.27
5474,2.86,289.86,1014.72,56.89,30.17,34.07398765163941,-117.72355899356366,0.03,155.45
5503,3.5,287.64,1016.63,64.87,22.84,37.88557063574544,-122.03867699750576,0.06,191.45
5883,5.11,282.2,1014.14,65.52,43.18,41.42592338105294,-88.92146282356697,0.11,140.18
6005,4.33,279.68,1012.14,70.69,62.84,43.831063669591245,-81.95134570096056,0.08,33.55
6033,2.09,290.02,1014.51,57.57,28.05,34.084985733315946,-118.00943774119492,0.02,168.18
6129,5.11,282.21,1014.11,65.49,43.14,41.73552370288303,-89.00457527837753,0.11,140.73
6152,3.63,288.41,1016.65,61.32,42.38,35.63924447350514,-79.61990040754742,0.12,106.18
6879,3.18,295.55,1011.6,61.05,49.8,25.066833327402595,-100.28892276621382,0.03,85.18
6919,3.61,288.4,1016.61,61.4,42.51,35.97340741998558,-80.07745303940128,0.12,107.45
7042,4.34,279.65,1012.13,70.7,62.89,43.417097865469806,-82.26257351667395,0.08,33.55
7188,4.23,281.34,1014.46,65.14,47.28,42.3349936895649,-83.60539649242394,0.12,136.45
7652,4.91,282.25,1014.35,65.59,44.05,41.90592772369877,-88.16876522123471,0.12,155.27
7815,4.34,279.09,1014.86,64.19,57.75,45.64045886809052,-72.69470527805046,0.09,102.55
7935,4.66,298.2,1016.35,70.58,43.14,26.035807966342524,-79.52382719384424,0.09,39.82
7985,4.46,279.23,1013.32,70.91,56.69,43.194431086745965,-80.20214052559089,0.1,96.91
8094,2.76,282.58,1016.77,74.61,61.7,49.29072978520446,-122.48525892037873,0.18,53.18
8268,3.13,289.14,1016.22,64.14,45.9,35.54021523146674,-78.89095044300359,0.12,98.64
8288,5.12,282.22,1014.06,65.52,43.29,41.528992160198186,-88.72683203901593,0.11,141.64
8462,2.77,283.81,1018.52,70.5,59.22,45.4697908551685,-123.3331196604967,0.14,41.27
8887,2.15,289.82,1014.52,57.72,27.91,34.202599123760464,-118.19261135740648,0.03,172.09
9701,3.35,295.81,1010.87,23.82,11.94,33.51187794895843,-112.19610802576024,0.01,216.36
9737,2.61,289.97,1014.75,64.21,37.69,33.709920199641644,-117.84550777313244,0.03,88.45
10010,5.13,282.25,1014.1,65.38,43.1,41.61782657643464,-88.8889881213116,0.11,145.0
10247,3.86,297.88,1016.47,74.26,30.43,24.481586786977196,-81.38858099097405,0.04,72.36
10381,3.68,281.68,1014.4,49.44,39.69,40.14959051494968,-105.1107091474566,0.05,98.91
10491,2.97,288.07,1016.5,61.09,28.24,37.9490296346063,-121.84287672425953,0.06,157.64
10757,4.79,279.94,1014.68,70.51,60.2,43.17723190782663,-79.58488889073757,0.11,51.64
11022,2.51,288.91,1014.92,68.88,39.66,32.899454029180944,-116.9127291404514,0.04,149.45
11339,4.1,279.17,1014.47,66.93,61.93,44.080154270746746,-79.57725625325608,0.1,39.82
11517,4.34,279.64,1012.13,70.67,62.87,43.2522223028005,-81.84623724418043,0.08,33.55
11671,4.68,279.41,1014.83,67.96,55.91,43.611962595017125,-79.23705850323475,0.1,99.0
12347,4.33,279.62,1012.17,70.64,62.99,43.01101001339711,-81.07190122889867,0.08,33.55
12737,2.91,289.31,1014.89,72.94,38.94,33.100658841421684,-117.74371846598036,0.03,155.73
12763,4.0,286.63,1015.92,59.14,51.92,38.9023860689626,-77.00720544755532,0.14,79.73
13095,3.99,281.32,1013.29,49.37,46.63,39.30565002533939,-103.98123230742658,0.06,51.82
14060,5.13,282.27,1014.1,65.37,43.13,41.52681328829284,-88.89742335605635,0.11,145.64
14083,4.8,286.77,1017.14,71.17,41.6,37.95294291433811,-122.8621006029658,0.07,73.27
14692,2.97,289.71,1014.74,54.98,36.81,34.13782243464197,-117.56113872599671,0.03,94.64
14951,5.7,286.63,1016.53,61.4,49.87,40.78785133211434,-74.08896007225874,0.09,142.0
15100,5.12,282.3,1014.08,65.47,43.18,41.317181672031886,-89.06502724168472,0.11,146.73
15140,3.61,288.39,1016.66,61.56,42.74,35.75861498810583,-79.87342787096821,0.13,107.45
15815,5.07,291.65,1014.45,61.91,44.84,33.044698685857625,-96.82837639709815,0.12,95.73
15822,5.1,291.65,1014.17,63.04,41.44,32.409241720610694,-97.06167747708793,0.09,133.73
15956,3.6,288.4,1016.65,61.5,42.6,35.345983078523986,-79.70184096922789,0.12,108.64
16212,4.5,285.79,1013.76,61.22,38.33,38.562074563656815,-94.32477572015776,0.11,158.55
16217,4.57,282.01,1015.23,66.08,51.38,42.523277929681285,-71.04782606579185,0.13,99.45
16473,2.4,289.05,1014.98,65.53,28.6,33.85013897660426,-118.97848027259634,0.02,157.0
16685,4.26,283.87,1015.66,59.04,43.89,40.99940008378893,-73.79817812211971,0.13,146.45
16761,3.58,287.54,1017.01,68.34,30.45,37.71807334908847,-121.7162870636552,0.05,143.09
16936,4.03,283.34,1015.1,63.25,45.3,40.82676858755794,-73.4491908516489,0.13,132.27
18065,4.32,279.63,1012.15,70.6,63.0,43.62214577528282,-81.95828100456987,0.08,33.55
18172,3.6,288.4,1016.64,61.55,42.66,35.772751349225715,-79.89481990003515,0.13,109.0
18434,3.99,281.29,1015.32,62.9,45.9,42.45751297073078,-82.70015487138909,0.12,145.36
18475,5.13,282.29,1014.11,65.42,43.1,41.36010755839824,-88.9785648879418,0.11,149.18
19320,2.79,289.98,1014.88,67.34,38.06,33.671971237036374,-117.89222290479437,0.02,84.0
19471,4.01,281.41,1014.99,64.09,46.44,42.19158461356873,-83.34021572504903,0.12,141.73
20710,3.82,279.28,1013.19,66.2,61.78,43.788491861200896,-79.56426112754241,0.1,41.0
20845,2.02,289.93,1014.77,60.83,27.39,34.04113103489889,-118.20270515306416,0.02,184.64
21223,4.57,279.49,1014.54,64.95,60.71,43.59264155576968,-79.6233474970386,0.1,40.18
21682,4.42,291.36,1013.45,64.31,43.66,33.46738685319083,-96.8303959974584,0.09,118.09
23005,5.12,282.3,1014.12,65.47,43.17,41.66956698919191,-88.34675076678681,0.11,149.27
23559,3.62,288.41,1016.6,61.53,42.61,35.511039894199534,-80.04833354706356,0.13,110.18
23630,4.43,285.86,1013.98,59.1,38.83,39.25316265045088,-94.52003392746728,0.1,159.55
23647,4.33,279.63,1012.14,70.62,63.06,43.645286300055325,-82.18714272324185,0.08,33.55
24727,3.61,288.4,1016.63,61.53,42.49,35.45425518106617,-80.17185342490808,0.13,111.36
25594,3.61,288.4,1016.65,61.54,42.47,35.33328095287023,-79.67085935924148,0.13,111.36
26140,3.18,295.38,1011.27,61.03,47.56,25.062141315893854,-100.43876395718758,0.05,91.55
26200,5.12,291.72,1014.21,62.27,49.31,32.82946011402213,-96.90453751370984,0.09,73.45
26281,5.13,282.33,1014.1,65.46,43.11,41.35357033351004,-88.84348178165573,0.11,149.82
26432,3.6,288.36,1016.71,61.37,42.25,35.402486000342435,-80.06715542726693,0.12,113.64
27403,4.33,279.63,1012.18,70.59,62.9,43.99563519183447,-82.08559741354912,0.08,34.18
28001,3.61,288.36,1016.65,61.35,42.35,35.44058159743807,-79.78190865780078,0.12,113.64
29121,2.94,289.61,1014.56,65.16,31.0,33.91957079368608,-118.5097704348546,0.02,162.64
29218,4.77,291.55,1014.08,63.82,44.24,32.96975994925251,-96.23316358189427,0.12,107.09
29616,3.62,288.37,1016.63,61.38,42.32,35.54421533736371,-79.62784014349052,0.13,115.0
30282,4.23,284.28,1015.73,58.11,54.61,40.80244561645464,-74.53691398079718,0.12,68.91
30761,2.82,282.5,1015.8,75.18,58.52,49.235645022112735,-123.01607605993394,0.14,61.45
31234,4.35,284.23,1015.78,58.05,56.99,40.78482269624148,-74.29861216251868,0.13,52.36
31842,3.27,295.8,1010.67,23.74,11.95,33.455572052020074,-112.39690549849516,0.01,216.18
34460,4.36,284.07,1016.04,57.69,49.34,40.8061512811092,-73.96486211249686,0.13,108.18
34471,5.14,282.35,1014.1,65.41,43.15,41.622149609137246,-88.70741912401047,0.11,149.91
35323,4.42,298.18,1016.68,69.15,33.76,26.024573062709184,-80.2589705884096,0.11,105.91
35557,3.61,287.21,1016.85,68.44,29.43,37.71762901906841,-121.86233557059668,0.06,159.82
35920,3.96,287.04,1017.09,69.6,39.45,37.90074253665926,-122.15839490458316,0.07,79.0
36735,2.88,290.06,1015.06,60.49,28.44,33.8860389149274,-117.4784069173612,0.02,142.36
38574,2.74,282.51,1015.91,75.55,56.69,49.16327521559453,-122.87794720806043,0.14,65.0
39305,5.14,282.33,1014.09,65.45,43.3,41.28071784484464,-89.00380076696706,0.11,149.91
39685,4.94,291.68,1014.32,62.1,49.81,32.38228566709963,-96.78450781005208,0.11,67.91
39879,5.14,282.33,1014.08,65.51,43.33,41.65547164046998,-88.93311133219264,0.11,150.64
40643,5.13,282.3,1014.1,65.52,43.32,41.49401819753149,-89.0341871741359,0.11,151.36
46066,2.21,290.05,1014.68,58.06,27.62,34.01224876089519,-117.91033172759302,0.03,170.64
49421,4.64,285.77,1014.1,60.39,38.23,38.92092144137813,-94.38858822552496,0.1,161.91
